1.998029170512353758e+01 2.107836330969356879e+02 2.758852467953580003e+02 3.319660074474742260e+02 4.199320425089123319e+02 0.000000000000000000e+00 3.568713774271844886e+05 5.605818858616504585e+05 6.712767076759708580e+05 9.491847990898058051e+05 0.000000000000000000e+00 6.038770709966493305e+05 5.253083440005881712e+05 4.603684943751752144e+05 4.583086995169082074e+05 0.000000000000000000e+00 2.013741901677296937e+03 1.298146290322580626e+03 9.582665432471263784e+02 7.226820874999997386e+02 0.000000000000000000e+00
2.589239819787657382e+01 2.261508337076427892e+02 2.851579311873561551e+02 3.710228516810148562e+02 4.175803333467650305e+02 0.000000000000000000e+00 2.839167790503640426e+05 4.914079362257281318e+05 6.767792159587377682e+05 8.961304826456310693e+05 0.000000000000000000e+00 5.100443238098139991e+05 4.315147684694236377e+05 4.001892838653161889e+05 4.081084958491626312e+05 0.000000000000000000e+00 1.072953031007751861e+03 6.979173307392994730e+02 4.805494480833334592e+02 4.295216095238094454e+02 0.000000000000000000e+00
2.952677037322585107e+01 2.376655967100879252e+02 3.079655880233616472e+02 3.757587894010482614e+02 4.422650006044258362e+02 0.000000000000000000e+00 2.451366112166380044e+05 5.298421259101941250e+05 7.003474160800970858e+05 9.444771760922330432e+05 0.000000000000000000e+00 4.908923491742500919e+05 3.989918322139739175e+05 3.647082395236489247e+05 3.441148185597124393e+05 0.000000000000000000e+00 9.169302819393383288e+02 5.340390314960632168e+02 3.388200214766550289e+02 2.829420740740740143e+02 0.000000000000000000e+00
3.388565753614523146e+01 2.470082752509803754e+02 3.173562883988167300e+02 3.570023626531211676e+02 4.142154143577398031e+02 0.000000000000000000e+00 2.468151049367704254e+05 5.146390761761487811e+05 6.407641279733009869e+05 7.676803927529182984e+05 0.000000000000000000e+00 4.479829322548025521e+05 3.604207976631838828e+05 3.588967260112127988e+05 3.333676755420739646e+05 0.000000000000000000e+00 5.099759765625000796e+02 3.560424666666667122e+02 3.320251686046511281e+02 2.717210077519378615e+02 0.000000000000000000e+00
3.822996106714188613e+01 2.586268889936428650e+02 3.265656958538552885e+02 3.699715230094683989e+02 4.120963309321422230e+02 0.000000000000000000e+00 2.289152092323792749e+05 4.276354942850194639e+05 5.806326442050971091e+05 6.787284377431906760e+05 0.000000000000000000e+00 4.340024806201548781e+05 3.463202875362319755e+05 3.434474180218513357e+05 2.978947623862485634e+05 0.000000000000000000e+00 4.216638308502908217e+02 3.235169058823529440e+02 2.308664966388082007e+02 2.574005156250000823e+02 0.000000000000000000e+00
4.360224986289183136e+01 2.603776442296297091e+02 3.130221733862115343e+02 3.657523711405543736e+02 4.315846523608573762e+02 0.000000000000000000e+00 2.032874988319174736e+05 3.463194749160311185e+05 4.913224420629706001e+05 5.855914995752427494e+05 0.000000000000000000e+00 3.875090243688639603e+05 3.635077946298168972e+05 3.335964651897198055e+05 3.353209070758738671e+05 0.000000000000000000e+00 3.136959744786548185e+02 2.597367054263566502e+02 2.395046317919482135e+02 1.579685813953489060e+02 0.000000000000000000e+00
4.809093694000655717e+01 2.705253549313409849e+02 3.145201960878056298e+02 3.566738558470660791e+02 4.689715032271027439e+02 0.000000000000000000e+00 1.816082125375784817e+05 2.590187803297934588e+05 4.451990001680796267e+05 6.338839306739858584e+05 0.000000000000000000e+00 3.563126902173911221e+05 3.590758072126726038e+05 3.239776429614649969e+05 2.954875721829007380e+05 0.000000000000000000e+00 2.630978449612403551e+02 1.948710775193798952e+02 1.519164305353682494e+02 1.328730317460317849e+02 0.000000000000000000e+00
5.360624628630781530e+01 2.703454863418718332e+02 3.031042863025284646e+02 3.377838388709081983e+02 3.963029296875000114e+02 0.000000000000000000e+00 1.606573445970118919e+05 2.703684945163002703e+05 3.265950343578843167e+05 3.280638826741574449e+05 0.000000000000000000e+00 3.217623323006056598e+05 3.106805797101448406e+05 3.067338041020672536e+05 3.172599365942030563e+05 0.000000000000000000e+00 2.310921571652640409e+02 2.006320156250000366e+02 1.692796175811531612e+02 1.793102635658914892e+02 0.000000000000000000e+00
5.969331179423120659e+01 2.830324415657388499e+02 3.559054252586172993e+02 4.224836771707199432e+02 5.583959960937500000e+02 0.000000000000000000e+00 1.462020583065506653e+05 2.992601985777416849e+05 3.835742566718463786e+05 6.270910540128496941e+05 0.000000000000000000e+00 3.005277185224235873e+05 2.851542433434445993e+05 2.800165958881024271e+05 2.540423784369496861e+05 0.000000000000000000e+00 1.912384456562417370e+02 1.378435000000000059e+02 1.050578976562499918e+02 9.312487295081966465e+01 0.000000000000000000e+00
6.891067004287609166e+01 2.787096370774872298e+02 3.161366096631597884e+02 3.586851777789662492e+02 4.154372861651352764e+02 0.000000000000000000e+00 1.240235130197733233e+05 1.899299525419381680e+05 2.350988415505298472e+05 4.040142928851459874e+05 0.000000000000000000e+00 2.370954454555668635e+05 2.417356541148482356e+05 2.544492753623188182e+05 2.267242152567126905e+05 0.000000000000000000e+00 1.417321162790696860e+02 9.374542812499998945e+01 1.028079999999999927e+02 1.238712153161337142e+02 0.000000000000000000e+00
6.293103448275863343e+01 2.867418000000000120e+02 3.306702999999999975e+02 3.842330500000000484e+02 6.193416999999999462e+02 7.171948499999999740e+02 1.336675000000000000e+05 1.503385000000000000e+05 2.985575000000000000e+05 3.851175000000000000e+05 5.877630000000000000e+05 2.249661976474675757e+05 2.800374907971040811e+05 2.798713417304358445e+05 2.530690841758270399e+05 2.060455434748741100e+05 6.797431230000000824e+01 8.338681199999999194e+01 6.981034233999999117e+01 6.319139925000000346e+01 4.929770093999999858e+01
6.564047740660919317e+01 2.883250524960394614e+02 3.286124824344441890e+02 3.764091065491767267e+02 5.448961878727635622e+02 6.599833059288621371e+02 1.312660737729138928e+05 1.764019681430276833e+05 2.725369855587917846e+05 3.280940512367807678e+05 5.177069790442558005e+05 2.249661976474675757e+05 2.800374907971040811e+05 2.798713417304358445e+05 2.530690841758270399e+05 2.060455434748741100e+05 6.797431230000000824e+01 8.338681199999999194e+01 6.981034233999999117e+01 6.319139925000000346e+01 4.929770093999999858e+01
6.937816642959769808e+01 2.905091566242252270e+02 3.257737136017868238e+02 3.656159404355073548e+02 4.421982601772485850e+02 5.810597167362117261e+02 1.279532952052294422e+05 2.123566427817389194e+05 2.366415657500583038e+05 2.494299403898427263e+05 4.210643746861576801e+05 3.252631731077942532e+05 3.296870685759595362e+05 2.848655415167902829e+05 2.941971453092974843e+05 2.555705901200699445e+05 8.029199129999999229e+01 9.833123370000001273e+01 8.179561151999999424e+01 7.066756943000000035e+01 5.152109054999999671e+01
6.939655172413793593e+01 2.905199000000000069e+02 3.257597499999999968e+02 3.655628500000000258e+02 4.416931000000000154e+02 5.806715000000000373e+02 1.279370000000000000e+05 2.125335000000000000e+05 2.364650000000000000e+05 2.490430000000000000e+05 4.205890000000000000e+05 3.250575834393403493e+05 3.295206730787976994e+05 2.847664331621220917e+05 2.940504755049172090e+05 2.554197829185704177e+05 8.027877162275346734e+01 9.828065272044857181e+01 8.172939533257867595e+01 7.058302763822349846e+01 5.149329986977812013e+01
7.541868170977011232e+01 2.812924906956067161e+02 3.445579327111316275e+02 4.022624023604366812e+02 4.913463655274132975e+02 6.168933795456100597e+02 1.172669393787833396e+05 1.600240510560999974e+05 2.115603483236500178e+05 3.129218119772166247e+05 4.408989186353333062e+05 2.577163883106111316e+05 2.750175858021707390e+05 2.523033473427507561e+05 2.460085676087554311e+05 2.060226645742074761e+05 7.594864710000000230e+01 8.171277925000001119e+01 6.004018676799999810e+01 4.289124069499999337e+01 4.239042211499999269e+01
7.758620689655172953e+01 2.779713000000000420e+02 3.513238999999999805e+02 4.154715499999999793e+02 5.092178999999999860e+02 6.299306000000000267e+02 1.134265000000000000e+05 1.411245000000000000e+05 2.025965000000000000e+05 3.359135000000000000e+05 4.482090000000000000e+05 2.574085446859366784e+05 2.708640162572261761e+05 2.496483092026117374e+05 2.405058992481909227e+05 2.051009705829052546e+05 7.637404367719882714e+01 7.616653149598529637e+01 5.795569682841223624e+01 4.332394352284548944e+01 4.106898821246402775e+01
8.654383805316092548e+01 2.743831903147375897e+02 3.516529931314010469e+02 4.265784431847861811e+02 5.232318196223485529e+02 6.182932909235679517e+02 6.442361240176206047e+04 1.126806555677740253e+05 2.248934131867057295e+05 3.463292159664342762e+05 3.980093088961594040e+05 2.561363335667469946e+05 2.536987513764139730e+05 2.386759557964635896e+05 2.177652760472820373e+05 2.012919284256571846e+05 7.813206045000001154e+01 5.324580974999999228e+01 4.934122159999999724e+01 4.511215449999999549e+01 3.560795939999999860e+01
8.965517241379309610e+01 2.731368999999999687e+02 3.517672999999999774e+02 4.304362999999999602e+02 5.280993999999999460e+02 6.142512000000000398e+02 4.740300000000000000e+04 1.028010000000000000e+05 2.326380000000000000e+05 3.499470000000000000e+05 3.805730000000000000e+05 2.547877893329343642e+05 2.585969977069066663e+05 2.311653460081514204e+05 2.159857245167836663e+05 1.985723132371905085e+05 7.348893638618491764e+01 5.070355457691063350e+01 4.521569603664968184e+01 4.168335306966242371e+01 3.330836893392836373e+01
1.012796470833333586e+02 3.088361499380942519e+02 3.551754048150813219e+02 3.989412957729794016e+02 4.740449728146554094e+02 6.476755208711407477e+02 7.033770104051395901e+04 1.093154589334740886e+05 1.666056882829951937e+05 2.417182843793848879e+05 3.623934194838911644e+05 2.497493985752388835e+05 2.768976795990360552e+05 2.031044296560762741e+05 2.093370171482779842e+05 1.884113680590565491e+05 5.614143469999999780e+01 4.120525659999999846e+01 2.980203043499999893e+01 2.887276740000000075e+01 2.471670759999999945e+01
1.051724137931034448e+02 3.207909999999999968e+02 3.563167000000000257e+02 3.883943500000000313e+02 4.559433999999999969e+02 6.588685499999999138e+02 7.801800000000000000e+04 1.114970000000000000e+05 1.444930000000000000e+05 2.054750000000000000e+05 3.563055000000000000e+05 2.461409312845823879e+05 2.689735074264092837e+05 2.043855189918485121e+05 2.046655263101468154e+05 1.799260774832000316e+05 5.268578380572117936e+01 3.885546664213928381e+01 2.847894272978898655e+01 2.682885019049518860e+01 2.306651647698444307e+01
1.206896551724138220e+02 3.053503999999999792e+02 3.500647000000000162e+02 4.007262499999999932e+02 5.019562999999999988e+02 6.323051000000000386e+02 3.631100000000000000e+04 7.190800000000000000e+04 1.291470000000000000e+05 2.084500000000000000e+05 3.256350000000000000e+05 2.317569565609160054e+05 2.373863866196950257e+05 2.094921626552732778e+05 1.860441558708173980e+05 1.461022416728773969e+05 3.891096166840355153e+01 2.948879746176147165e+01 2.320488630194573787e+01 1.868144268734022972e+01 1.648856925154179720e+01
1.221542418678160971e+02 3.044007128416808996e+02 3.488403492975127165e+02 4.026208579006038804e+02 5.117898976395039767e+02 6.371130263267714327e+02 3.589589707487777923e+04 7.219280515610647853e+04 1.298422360496703623e+05 2.114880003188657283e+05 3.253643053230444202e+05 2.303993326448909938e+05 2.344050527763444115e+05 2.099741505411860708e+05 1.842865875808787823e+05 1.429097966561155627e+05 3.761083229999999844e+01 2.860472930000000247e+01 2.270709724999999679e+01 1.791245389999999915e+01 1.586771314999999838e+01
1.362068965517241281e+02 2.952884999999999991e+02 3.370927500000000236e+02 4.207995500000000106e+02 6.061429000000000542e+02 6.832449000000000296e+02 3.191300000000000000e+04 7.492550000000000000e+04 1.365130000000000000e+05 2.406375000000000000e+05 3.227670000000000000e+05 2.152501040931250027e+05 2.145383563981242187e+05 1.878403345636439044e+05 1.754537144598451850e+05 1.400976575162853696e+05 2.765499824717345945e+01 2.338123555382797392e+01 1.825336863693362233e+01 1.534093682716017781e+01 1.308762182690196241e+01
1.482758620689654947e+02 3.433018000000000143e+02 3.736668500000000108e+02 4.234821999999999775e+02 4.950538500000000113e+02 6.655570000000000164e+02 4.626300000000000000e+04 6.964350000000000000e+04 1.087060000000000000e+05 1.577145000000000000e+05 2.892950000000000000e+05 2.022393583574142540e+05 1.974760661103817401e+05 1.688309539301170153e+05 1.678677000366774155e+05 1.376824832256113004e+05 1.910454137040024847e+01 1.889509629259166701e+01 1.442833356254290678e+01 1.313241811114557223e+01 1.069997144567726366e+01
1.496792517887930956e+02 3.444792135013300367e+02 3.754747034535462831e+02 4.320435180385974832e+02 5.100981110110856207e+02 6.681380165363950709e+02 4.770988277208749787e+04 6.999577287294375128e+04 1.141250370350875019e+05 1.699483514031937520e+05 2.902680382573999814e+05 2.007264576214975968e+05 1.954920482794976560e+05 1.666205267544597154e+05 1.669855917366140347e+05 1.374016446760038962e+05 1.811028686999999948e+01 1.837344414999999742e+01 1.398355518500000017e+01 1.287560964999999946e+01 1.042233339999999941e+01
1.603448275862069181e+02 3.534273999999999774e+02 3.892141500000000178e+02 4.971084000000000174e+02 6.244325000000000045e+02 6.877534000000000560e+02 5.870600000000000000e+04 7.267300000000000000e+04 1.553090000000000000e+05 2.629240000000000000e+05 2.976630000000000000e+05 1.892744673687147151e+05 1.871457740630327608e+05 1.707488697587767674e+05 1.668619706614074239e+05 1.508512509568510577e+05 1.700508566649792286e+01 1.690224718354257760e+01 1.218868470060598241e+01 1.088321652830843611e+01 9.412315357896357426e+00
1.681782421695402263e+02 3.362793388899406182e+02 3.781348599525891814e+02 4.525637152185345258e+02 5.243930699329556546e+02 6.324333575699581615e+02 3.424997068419570860e+04 6.598395873564857175e+04 1.287270637062573078e+05 1.875129711525835155e+05 2.367287615990798513e+05 1.808634646100926620e+05 1.810157884527286224e+05 1.737809631880748784e+05 1.667711762072003330e+05 1.607294182477371360e+05 1.619336210000000165e+01 1.582171519999999987e+01 1.087042819999999921e+01 9.419888000000000261e+00 8.670499799999999979e+00
1.702586206896551744e+02 3.317251999999999725e+02 3.751924500000000080e+02 4.407336500000000115e+02 4.978248499999999694e+02 6.177416000000000622e+02 2.775500000000000000e+04 6.420750000000000000e+04 1.216675000000000000e+05 1.674855000000000000e+05 2.205460000000000000e+05 1.777242230549353408e+05 1.804970052742551197e+05 1.714022973764603666e+05 1.659790819771871902e+05 1.582530332701909065e+05 1.562803892210459011e+01 1.551153962669479291e+01 1.072015420233689653e+01 9.353164140870831034e+00 8.504364745474143561e+00
1.793103448275861922e+02 3.299300999999999817e+02 3.627880999999999858e+02 4.031686000000000263e+02 4.954827999999999975e+02 6.414971000000000458e+02 3.020400000000000000e+04 5.293000000000000000e+04 8.564200000000000000e+04 1.456510000000000000e+05 2.408020000000000000e+05 1.640653872782406106e+05 1.782397803637221514e+05 1.610527256351253309e+05 1.625326810496628459e+05 1.474782855695531471e+05 1.316831853679461517e+01 1.416196612517248887e+01 1.006631224098299349e+01 9.062848719703131550e+00 7.781511347081486285e+00
1.866379310344827331e+02 3.056184999999999832e+02 3.381576000000000022e+02 3.832576500000000124e+02 5.010545999999999935e+02 6.549259999999999309e+02 2.774350000000000000e+04 4.838300000000000000e+04 5.859550000000000000e+04 1.286260000000000000e+05 2.292760000000000000e+05 1.530082345066305134e+05 1.764125030551954696e+05 1.526745008921397675e+05 1.597427374416669481e+05 1.387558707642749068e+05 1.117711632011510403e+01 1.306945424298776004e+01 9.537011605601259490e+00 8.827831473995946254e+00 7.196344310287427604e+00
1.877311882183908267e+02 3.102242149328118330e+02 3.422147506101813406e+02 3.874700587210944036e+02 5.035825701482102659e+02 6.487844328844199708e+02 2.966148188369574564e+04 4.838024309057970822e+04 6.013732916239138285e+04 1.300954327210145711e+05 2.246885027246374520e+05 1.513585354980054253e+05 1.761398779385289527e+05 1.514244911167453974e+05 1.593264849669749092e+05 1.374545087089336885e+05 1.088003402499999872e+01 1.290645425499999988e+01 9.458041299999999652e+00 8.792767500000000069e+00 7.109038879999999949e+00
1.965517241379310178e+02 3.473836999999999762e+02 3.749483500000000049e+02 4.214562999999999988e+02 5.239785500000000411e+02 5.992335000000000491e+02 4.513600000000000000e+04 4.835800000000000000e+04 7.257700000000000000e+04 1.419510000000000000e+05 1.876760000000000000e+05 1.454727631694294396e+05 1.645787146898796782e+05 1.656639299449182581e+05 1.637177503516404831e+05 1.434632493226084916e+05 1.068028509147483618e+01 1.161412176501721127e+01 8.052575596408477310e+00 7.234781929495190944e+00 6.559126596660621367e+00
2.007212453663793212e+02 3.505706256014702831e+02 3.978090228813227895e+02 4.461641176926391950e+02 5.355606512802852421e+02 6.294654913510829601e+02 4.168021741543748794e+04 6.075552933503130043e+04 1.051258045845157612e+05 1.644519776663672819e+05 2.270849804045001511e+05 1.426905226237676397e+05 1.591136821759241866e+05 1.723949996913416544e+05 1.657935283324944903e+05 1.463036177280537086e+05 1.058586254999999809e+01 1.100322829999999996e+01 7.388203369999999381e+00 6.498312629999999146e+00 6.299179699999999826e+00
2.034482758620689538e+02 3.526549999999999727e+02 4.127608000000000175e+02 4.623240000000000123e+02 5.431358000000000175e+02 6.492383999999999560e+02 3.942000000000000000e+04 6.886400000000000000e+04 1.264140000000000000e+05 1.791685000000000000e+05 2.528600000000000000e+05 1.426905226237676397e+05 1.591136821759241866e+05 1.723949996913416544e+05 1.657935283324944903e+05 1.463036177280537086e+05 1.058586254999999809e+01 1.100322829999999996e+01 7.388203369999999381e+00 6.498312629999999146e+00 6.299179699999999826e+00
2.090517241379310747e+02 3.446940000000000168e+02 3.908605499999999893e+02 4.449868999999999915e+02 4.845774999999999864e+02 6.094175999999999931e+02 3.213100000000000000e+04 5.777550000000000000e+04 6.530100000000000000e+04 1.181560000000000000e+05 1.713200000000000000e+05 1.426905226237676397e+05 1.591136821759241866e+05 1.723949996913416544e+05 1.657935283324944903e+05 1.463036177280537086e+05 1.058586254999999809e+01 1.100322829999999996e+01 7.388203369999999381e+00 6.498312629999999146e+00 6.299179699999999826e+00
